583211 99999 PUDONG                         2013 1475 1344 1485 1439 1488 1434 1486 1476 1439 1483 1436 1480
583211 99999 PUDONG                         2014 1482 1336 1487 1439 1477 1436 1415 1455 1434 1477 1438 1483
583620 99999 SHANGHAI                       2013  248  223  248  240  248  240  249  246  238  248  239  247
583620 99999 SHANGHAI                       2014  247  224  248  239  247  237  239  244  240  247  239  248
583670 99999 HONGQIAO INTL                  2013 1474 1343 1484 1440 1487 1434 1486 1476 1439 1483 1438 1477
583670 99999 HONGQIAO INTL                  2014 1483 1336 1488 1439 1477 1435 1419 1456 1435 1478 1438 1485


Total Surface Hourly Observations Available: 75467
Total Station-Years: 6
