581410 99999 HUAIYIN                        2013  248  222  248  240  247  240  248  246  239  248  238  248
581410 99999 HUAIYIN                        2014  247  224  248  238  245  239  238  244  239  246  239  248
581500 99999 SHEYANG                        2013  248  223  248  240  248  240  249  245  239  248  239  246
581500 99999 SHEYANG                        2014  248  224  248  239  247  239  238  244  240  248  239  248
582380 99999 LUKOU                          2013  732  664  732  707  731  707  724  984  959  989  958  990
582380 99999 LUKOU                          2014  989  892  990  956  986  957  949  973  957  987  959  988
583380 99999 WUHUXIAN                       2013  216  195  217  210  216  210  218  215  209  217  210  217
583380 99999 WUHUXIAN                       2014  217  196  217  210  219  210  212  211  209  217  210  217
584370 99999 HUANG SHAN                     2013  216  195  217  210  216  210  218  215  209  217  210  217
584370 99999 HUANG SHAN                     2014  218  196  217  210  219  210  212  211  209  217  210  217
586330 99999 QU XIAN                        2013  248  222  248  240  248  240  250  246  240  248  238  248
586330 99999 QU XIAN                        2014  248  224  248  239  248  239  238  244  239  247  240  248
586460 99999 LISHUI                         2013  247  221  248  240  247  240  249  246  240  248  239  248
586460 99999 LISHUI                         2014  248  224  248  239  248  239  239  243  239  247  239  248
586660 99999 DACHEN DAO                     2013  248  222  248  240  248  240  249  246  240  248  239  248
586660 99999 DACHEN DAO                     2014  248  224  248  239  248  239  238  244  239  247  240  248
587520 99999 RUIAN                          2013  248  223  248  240  247  240  249  245  240  248  239  247
587520 99999 RUIAN                          2014  247  224  248  238  243  239  238  244  240  247  238  248


Total Surface Hourly Observations Available: 66531
Total Station-Years: 18
