467400 99999 KAOHSIUNG INTL                 2013 1299 1174 1300 1258 1302 1259 1301 1293 1255 1302 1256 1300
467400 99999 KAOHSIUNG INTL                 2014 1298 1174 1298 1259 1300 1499 1540 1747 1500 1413 1415 1480
470312 99999 ZHENGDING                      2013  743  672  743  719  745  716  743  738  720  741  717  743
470312 99999 ZHENGDING                      2014  739  676  744  720  738  717  708  729  719  740  723  747
536980 99999 SHIJIAZHUANG                   2013  217  196  217  210  216  210  220  215  210  217  210  217
536980 99999 SHIJIAZHUANG                   2014  216  196  217  208  212  210  210  213  210  217  210  217
537870 99999 YUSHE                          2013  216  196  217  210  215  210  220  215  210  217  210  216
537870 99999 YUSHE                          2014  216  196  217  208  211  210  210  212  210  217  210  217
537980 99999 XINGTAI                        2013  248  223  248  240  248  240  250  246  239  248  239  247
537980 99999 XINGTAI                        2014  248  224  248  239  246  239  238  244  240  247  240  248
539590 99999 YUNCHENG                       2013  248  223  248  240  248  240  250  246  239  248  239  247
539590 99999 YUNCHENG                       2014  248  224  248  239  246  239  239  243  240  247  240  248
543370 99999 JINZHOU                        2013  248  222  248  240  248  240  249  245  239  248  239  247
543370 99999 JINZHOU                        2014  248  224  248  239  246  239  237  244  240  247  239  248
544710 99999 YINGKOU                        2013  248  224  248  240  248  240  257  246  240  248  239  247
544710 99999 YINGKOU                        2014  248  224  248  239  247  239  238  244  240  248  239  248
545110 99999 BEIJING - CAPITAL INTERNATIONA 2013 1475 1342 1484 1438 1488 1434 1485 1723 1679 1731 1676 1728
545110 99999 BEIJING - CAPITAL INTERNATIONA 2014 1732 1561 1736 1678 1724 1675 1657 1701 1675 1724 1679 1733
545270 99999 TIANJIN                        2013  216  196  217  210  215  210  221  215  209  216  209  216
545270 99999 TIANJIN                        2014  216  196  217  208  210  210  210  212  209  217  210  217
545273 99999 BINHAI                         2013 1473 1342 1484 1439 1484 1432 1483 1476 1439 1483 1436 1476
545273 99999 BINHAI                         2014 1483 1336 1487 1439 1478 1436 1419 1456 1433 1475 1438 1485
545340 99999 TANGSHAN                       2013  217  196  217  210  215  210  228  216  210  217  209  216
545340 99999 TANGSHAN                       2014  216  196  217  208  210  210  210  212  210  217  210  217
546020 99999 BAODING                        2013  217  196  217  210  216  210  220  215  210  217  209  217
546020 99999 BAODING                        2014  216  196  217  208  212  210  210  213  210  217  210  217
570670 99999 LUSHI                          2013  248  223  248  240  248  240  251  246  240  248  238  248
570670 99999 LUSHI                          2014  247  224  248  239  248  239  237  244  240  247  240  248
572590 99999 FANGXIAN                       2013  217  196  217  210  217  210  218  215  210  217  209  216
572590 99999 FANGXIAN                       2014  218  196  216  210  219  210  212  213  210  215  210  217
574610 99999 YICHANG                        2013  248  223  248  240  248  240  251  246  240  248  240  247
574610 99999 YICHANG                        2014  247  224  248  239  247  239  238  244  240  248  240  248
576620 99999 CHANGDE                        2013  248  221  248  240  248  240  258  246  240  248  240  247
576620 99999 CHANGDE                        2014  248  224  248  239  248  239  239  243  240  246  240  248
577760 99999 NANYUE                         2013  216  195  217  210  216  210  218  215  209  217  210  217
577760 99999 NANYUE                         2014  218  196  216  210  219  210  212  212  209  217  210  217
579720 99999 CHENZHOU                       2013  248  221  248  240  248  240  258  246  240  248  240  248
579720 99999 CHENZHOU                       2014  248  224  248  239  248  239  239  242  240  245  240  248
590960 99999 LIANPING                       2013  248  221  248  240  248  240  249  246  240  248  238  247
590960 99999 LIANPING                       2014  248  224  248  239  248  239  239  244  240  245  239  248
591020 99999 XUNWU                          2013  217  195  217  210  217  210  218  215  209  217  210  216
591020 99999 XUNWU                          2014  218  196  217  210  219  210  212  213  210  215  210  217
591170 99999 MEI XIAN                       2013  248  223  248  240  250  246  252  247  245  249  241  248
591170 99999 MEI XIAN                       2014  254  224  248  239  250  240  239  249  241  247  240  248
593160 99999 SHANTOU                        2013  740  672  743  720  743  718  742  983  959  989  957  989
593160 99999 SHANTOU                        2014  989  891  991  958  985  955  948  972  955  987  958  990
593580 99999 TAINAN                         2013  244  220  242  236  241  231  249  246  234  244  233  244
593580 99999 TAINAN                         2014  238  219  244  228  243  240  235  236  234  240  234  246


Total Surface Hourly Observations Available: 249636
Total Station-Years: 48
