548360 99999 YIYUAN                         2013  248  223  248  240  246  240  249  246  238  248  239  247
548360 99999 YIYUAN                         2014  247  224  248  237  241  239  239  243  240  246  239  248
548570 99999 LIUTING                        2013  743  672  743  720  744  718  740  984  958  989  958  990
548570 99999 LIUTING                        2014  989  891  991  958  986  955  949  973  957  986  957  989
549160 99999 YANZHOU                        2013  217  196  217  210  216  210  220  215  210  217  210  217
549160 99999 YANZHOU                        2014  216  196  217  208  212  210  210  213  210  216  210  217
549290 99999 FEZXZAN                        2013  248  222  248  240  245  240  254  246  240  248  238  247
549290 99999 FEZXZAN                        2014  247  224  248  237  240  239  239  243  239  247  239  248
549450 99999 RIZHAO                         2013  248  223  248  240  245  240  254  246  240  248  238  246
549450 99999 RIZHAO                         2014  247  224  248  237  240  239  238  243  240  247  239  247
573990 99999 MACHENG                        2013  217  196  217  210  217  210  219  215  210  217  210  216
573990 99999 MACHENG                        2014  218  196  217  210  219  210  212  212  210  216  210  217
580270 99999 XUZHOU                         2013  248  222  248  240  248  240  250  246  240  248  239  248
580270 99999 XUZHOU                         2014  248  224  248  239  248  239  238  244  239  247  240  248
581020 99999 BOXIAN                         2013  248  223  248  240  248  240  252  246  240  248  239  247
581020 99999 BOXIAN                         2014  248  224  248  239  246  239  238  244  240  248  240  248
582030 99999 FUYANG                         2013  248  221  248  240  248  240  257  246  238  248  240  248
582030 99999 FUYANG                         2014  248  224  247  239  248  239  239  243  240  247  240  248
582080 99999 GUSHI                          2013  217  194  217  210  216  210  222  215  209  217  209  217
582080 99999 GUSHI                          2014  216  196  217  208  212  210  206  213  210  215  209  217
585060 99999 LU SHAN                        2013  217  195  217  210  217  210  218  215  209  217  210  217
585060 99999 LU SHAN                        2014  218  196  217  210  219  210  212  212  210  215  210  217
586060 99999 CHANGBEI INTL                  2013  248  222  246  240  248  240  250  246  239  248  240  249
586060 99999 CHANGBEI INTL                  2014  247  223  248  239  247  239  239  242  240  248  240  248
587150 99999 NANCHENG                       2013  216  195  217  210  216  210  218  215  210  217  210  217
587150 99999 NANCHENG                       2014  218  196  217  210  219  210  212  212  209  217  210  217
587250 99999 SHAOWU                         2013  248  222  248  240  247  240  251  246  240  248  239  248
587250 99999 SHAOWU                         2014  247  224  248  239  247  239  239  245  239  247  240  248
587300 99999 WUYISHAN                       2013  216  200  220  210  221  213  219  215  209  217  210  217
587300 99999 WUYISHAN                       2014  216  196  217  208  215  210  211  212  209  216  210  217
588340 99999 NANPING                        2013  248  222  248  240  247  240  249  246  240  248  238  247
588340 99999 NANPING                        2014  247  224  248  239  247  239  238  244  240  246  239  248
588470 99999 CHANGLE                        2013  740  668  740  717  742  715  741  983  959  989  959  989
588470 99999 CHANGLE                        2014  986  890  991  958  982  956  947  973  955  986  959  989


Total Surface Hourly Observations Available: 125952
Total Station-Years: 34
